20 20
0000 0000 0000 0000 0000 0000 0000 0000 0000 0000 0000 0000 0000 0000 0000 0000 0000 0000 0000 0000
0000 0000 0000 0000 0000 0000 0000 0000 0000 0000 0000 0000 0000 0000 0000 0000 0000 0000 0000 0000
0000 0000 0000 0000 0000 0000 0000 0000 0000 0000 0000 0000 0000 0000 0000 0000 0000 0000 0000 0000
0000 0000 0000 0000 1301 1302 1303 1304 0000 1305 1306 0000 1307 1308 1309 1310 0000 0000 0000 0000
0000 0000 0000 1201 1202 1203 1204 1205 0000 1206 1207 0000 1208 1209 1210 1211 1212 0000 0000 0000
0000 0000 1101 1102 1103 1104 1105 1106 0000 1107 1108 0000 1109 1110 1111 1112 1113 1114 0000 0000
0000 1001 1002 1003 1004 1005 1006 1007 0000 1008 1009 0000 1010 1011 1012 1013 1014 1015 1016 0000
0000 0901 0902 0903 0904 0905 0906 0907 0000 0908 0909 0000 0910 0911 0912 0913 0914 0915 0916 0000
0000 0801 0802 0803 0804 0805 0806 0807 0000 0808 0809 0000 0810 0811 0812 0813 0814 0815 0816 0000
0000 0701 0702 0703 0704 0705 0706 0707 0000 0708 0709 0000 0710 0711 0712 0713 0714 0715 0716 0000
0000 0601 0602 0603 0604 0605 0606 0607 0000 0608 0609 0000 0610 0611 0612 0613 0614 0615 0616 0000
0000 0501 0502 0503 0504 0505 0506 0507 0000 0508 0509 0000 0510 0511 0512 0513 0514 0515 0516 0000
0000 0401 0402 0403 0404 0405 0406 0407 0000 0408 0409 0000 0410 0411 0412 0413 0414 0415 0416 0000
0000 0301 0302 0303 0304 0305 0306 0307 0000 0308 0309 0000 0310 0311 0312 0313 0314 0315 0316 0000
0000 0000 0000 0203 0204 0205 0206 0207 0000 0208 0209 0000 0210 0211 0212 0213 0214 0000 0000 0000
0000 0000 0000 0000 0104 0105 0106 0107 0000 0108 0109 0000 0110 0111 0112 0113 0000 0000 0000 0000
0000 0000 0000 0000 0000 0000 0000 0000 0000 0000 0000 0000 0000 0000 0000 0000 0000 0000 0000 0000
0000 0000 0000 0000 0000 0000 0000 0000 0000 0000 0000 0000 0000 0000 0000 0000 0000 0000 0000 0000
0000 0000 0000 0000 0000 0000 0000 0000 0000 0000 0000 0000 0000 0000 0000 0000 0000 0000 0000 0000
0000 0000 0000 0000 0000 0000 0000 0000 0000 0000 0000 0000 0000 0000 0000 0000 0000 0000 0000 0000