20 20
0000 0000 0000 0000 0000 0000 0000 0000 0000 0000 0000 0000 0000 0000 0000 0000 0000 0000 0000 0000
0000 0000 0000 0000 0000 0000 0000 0000 0000 0000 0000 0000 0000 0000 0000 0000 0000 0000 0000 0000
0000 0000 0000 1412 1411 1410 1409 1408 1407 0000 0000 1406 1405 1404 1403 1402 1401 0000 0000 0000
0000 0000 0000 1312 1311 1310 1309 1308 1307 0000 0000 1306 1305 1304 1303 1302 1301 0000 0000 0000
0000 0000 0000 1212 1211 1210 1209 1208 1207 0000 0000 1206 1205 1204 1203 1202 1201 0000 0000 0000
0000 0000 0000 1112 1111 1110 1109 1108 1107 0000 0000 1106 1105 1104 1103 1102 1101 0000 0000 0000
0000 0000 0000 0000 1010 1009 1008 1007 1006 0000 0000 1005 1004 1003 1002 1001 0000 0000 0000 0000
0000 0000 0000 0000 0910 0909 0908 0907 0906 0000 0000 0905 0904 0903 0902 0901 0000 0000 0000 0000
0000 0000 0000 0000 0000 0000 0000 0000 0000 0000 0000 0000 0000 0000 0000 0000 0000 0000 0000 0000
0000 0000 0000 0000 0000 0000 0000 0000 0000 0000 0000 0000 0000 0000 0000 0000 0000 0000 0000 0000
0000 0000 0000 0000 0000 0000 0808 0807 0806 0805 0804 0803 0802 0801 0000 0000 0000 0000 0000 0000
0000 0000 0000 0000 0712 0711 0710 0709 0708 0707 0706 0705 0704 0703 0702 0701 0000 0000 0000 0000
0000 0000 0000 0000 0612 0611 0610 0609 0608 0607 0606 0605 0604 0603 0602 0601 0000 0000 0000 0000
0000 0000 0000 0000 0512 0511 0510 0509 0508 0507 0506 0505 0504 0503 0502 0501 0000 0000 0000 0000
0000 0000 0000 0000 0412 0411 0410 0409 0408 0407 0406 0405 0404 0403 0402 0401 0000 0000 0000 0000
0000 0000 0000 0000 0312 0311 0310 0309 0308 0307 0306 0305 0304 0303 0302 0301 0000 0000 0000 0000
0000 0000 0000 0000 0000 0210 0209 0208 0207 0206 0205 0204 0203 0202 0201 0000 0000 0000 0000 0000
0000 0000 0000 0000 0000 0000 0108 0107 0106 0105 0104 0103 0102 0101 0000 0000 0000 0000 0000 0000
0000 0000 0000 0000 0000 0000 0000 0000 0000 0000 0000 0000 0000 0000 0000 0000 0000 0000 0000 0000
0000 0000 0000 0000 0000 0000 0000 0000 0000 0000 0000 0000 0000 0000 0000 0000 0000 0000 0000 0000